13174 10817 14142 10960 10094 9302 11993 16610 13425 13929 
11545 18938 15761 17927 9963 9485 16727 16130 13321 16821 
30643 24956 28149 23120 19634 23673 24988 31071 25465 29646 
21467 19218 25404 20214 17706 13591 21629 25073 19445 19273 
12013 11896 13490 15746 5997 9531 13702 14390 10743 14006 
29353 29698 28581 31767 15499 23250 30936 31787 24803 35201 
27161 23774 30025 26773 16073 18141 29015 31316 22565 27444 
32386 30197 34333 29389 20625 25112 35160 34965 29553 35172 
31920 27638 31139 28211 22174 26042 29409 33826 27932 34384 
28940 25652 34903 23251 18571 19158 28510 30576 28565 28133 
